x=-pi:0.1:pi;
y=sin(x);
plot(x,y)
figure
stem(x,y)
[X,Y] = meshgrid(-2:.2:2, -2:.2:2);
Z=X.*exp(-X.^2-Y.^2);
X

X =

  Columns 1 through 7

   -2.0000   -1.8000   -1.6000   -1.4000   -1.2000   -1.0000   -0.8000
   -2.0000   -1.8000   -1.6000   -1.4000   -1.2000   -1.0000   -0.8000
   -2.0000   -1.8000   -1.6000   -1.4000   -1.2000   -1.0000   -0.8000
   -2.0000   -1.8000   -1.6000   -1.4000   -1.2000   -1.0000   -0.8000
   -2.0000   -1.8000   -1.6000   -1.4000   -1.2000   -1.0000   -0.8000
   -2.0000   -1.8000   -1.6000   -1.4000   -1.2000   -1.0000   -0.8000
   -2.0000   -1.8000   -1.6000   -1.4000   -1.2000   -1.0000   -0.8000
   -2.0000   -1.8000   -1.6000   -1.4000   -1.2000   -1.0000   -0.8000
   -2.0000   -1.8000   -1.6000   -1.4000   -1.2000   -1.0000   -0.8000
   -2.0000   -1.8000   -1.6000   -1.4000   -1.2000   -1.0000   -0.8000
   -2.0000   -1.8000   -1.6000   -1.4000   -1.2000   -1.0000   -0.8000
   -2.0000   -1.8000   -1.6000   -1.4000   -1.2000   -1.0000   -0.8000
   -2.0000   -1.8000   -1.6000   -1.4000   -1.2000   -1.0000   -0.8000
   -2.0000   -1.8000   -1.6000   -1.4000   -1.2000   -1.0000   -0.8000
   -2.0000   -1.8000   -1.6000   -1.4000   -1.2000   -1.0000   -0.8000
   -2.0000   -1.8000   -1.6000   -1.4000   -1.2000   -1.0000   -0.8000
   -2.0000   -1.8000   -1.6000   -1.4000   -1.2000   -1.0000   -0.8000
   -2.0000   -1.8000   -1.6000   -1.4000   -1.2000   -1.0000   -0.8000
   -2.0000   -1.8000   -1.6000   -1.4000   -1.2000   -1.0000   -0.8000
   -2.0000   -1.8000   -1.6000   -1.4000   -1.2000   -1.0000   -0.8000
   -2.0000   -1.8000   -1.6000   -1.4000   -1.2000   -1.0000   -0.8000

  Columns 8 through 14

   -0.6000   -0.4000   -0.2000         0    0.2000    0.4000    0.6000
   -0.6000   -0.4000   -0.2000         0    0.2000    0.4000    0.6000
   -0.6000   -0.4000   -0.2000         0    0.2000    0.4000    0.6000
   -0.6000   -0.4000   -0.2000         0    0.2000    0.4000    0.6000
   -0.6000   -0.4000   -0.2000         0    0.2000    0.4000    0.6000
   -0.6000   -0.4000   -0.2000         0    0.2000    0.4000    0.6000
   -0.6000   -0.4000   -0.2000         0    0.2000    0.4000    0.6000
   -0.6000   -0.4000   -0.2000         0    0.2000    0.4000    0.6000
   -0.6000   -0.4000   -0.2000         0    0.2000    0.4000    0.6000
   -0.6000   -0.4000   -0.2000         0    0.2000    0.4000    0.6000
   -0.6000   -0.4000   -0.2000         0    0.2000    0.4000    0.6000
   -0.6000   -0.4000   -0.2000         0    0.2000    0.4000    0.6000
   -0.6000   -0.4000   -0.2000         0    0.2000    0.4000    0.6000
   -0.6000   -0.4000   -0.2000         0    0.2000    0.4000    0.6000
   -0.6000   -0.4000   -0.2000         0    0.2000    0.4000    0.6000
   -0.6000   -0.4000   -0.2000         0    0.2000    0.4000    0.6000
   -0.6000   -0.4000   -0.2000         0    0.2000    0.4000    0.6000
   -0.6000   -0.4000   -0.2000         0    0.2000    0.4000    0.6000
   -0.6000   -0.4000   -0.2000         0    0.2000    0.4000    0.6000
   -0.6000   -0.4000   -0.2000         0    0.2000    0.4000    0.6000
   -0.6000   -0.4000   -0.2000         0    0.2000    0.4000    0.6000

  Columns 15 through 21

    0.8000    1.0000    1.2000    1.4000    1.6000    1.8000    2.0000
    0.8000    1.0000    1.2000    1.4000    1.6000    1.8000    2.0000
    0.8000    1.0000    1.2000    1.4000    1.6000    1.8000    2.0000
    0.8000    1.0000    1.2000    1.4000    1.6000    1.8000    2.0000
    0.8000    1.0000    1.2000    1.4000    1.6000    1.8000    2.0000
    0.8000    1.0000    1.2000    1.4000    1.6000    1.8000    2.0000
    0.8000    1.0000    1.2000    1.4000    1.6000    1.8000    2.0000
    0.8000    1.0000    1.2000    1.4000    1.6000    1.8000    2.0000
    0.8000    1.0000    1.2000    1.4000    1.6000    1.8000    2.0000
    0.8000    1.0000    1.2000    1.4000    1.6000    1.8000    2.0000
    0.8000    1.0000    1.2000    1.4000    1.6000    1.8000    2.0000
    0.8000    1.0000    1.2000    1.4000    1.6000    1.8000    2.0000
    0.8000    1.0000    1.2000    1.4000    1.6000    1.8000    2.0000
    0.8000    1.0000    1.2000    1.4000    1.6000    1.8000    2.0000
    0.8000    1.0000    1.2000    1.4000    1.6000    1.8000    2.0000
    0.8000    1.0000    1.2000    1.4000    1.6000    1.8000    2.0000
    0.8000    1.0000    1.2000    1.4000    1.6000    1.8000    2.0000
    0.8000    1.0000    1.2000    1.4000    1.6000    1.8000    2.0000
    0.8000    1.0000    1.2000    1.4000    1.6000    1.8000    2.0000
    0.8000    1.0000    1.2000    1.4000    1.6000    1.8000    2.0000
    0.8000    1.0000    1.2000    1.4000    1.6000    1.8000    2.0000

Y

Y =

  Columns 1 through 7

   -2.0000   -2.0000   -2.0000   -2.0000   -2.0000   -2.0000   -2.0000
   -1.8000   -1.8000   -1.8000   -1.8000   -1.8000   -1.8000   -1.8000
   -1.6000   -1.6000   -1.6000   -1.6000   -1.6000   -1.6000   -1.6000
   -1.4000   -1.4000   -1.4000   -1.4000   -1.4000   -1.4000   -1.4000
   -1.2000   -1.2000   -1.2000   -1.2000   -1.2000   -1.2000   -1.2000
   -1.0000   -1.0000   -1.0000   -1.0000   -1.0000   -1.0000   -1.0000
   -0.8000   -0.8000   -0.8000   -0.8000   -0.8000   -0.8000   -0.8000
   -0.6000   -0.6000   -0.6000   -0.6000   -0.6000   -0.6000   -0.6000
   -0.4000   -0.4000   -0.4000   -0.4000   -0.4000   -0.4000   -0.4000
   -0.2000   -0.2000   -0.2000   -0.2000   -0.2000   -0.2000   -0.2000
         0         0         0         0         0         0         0
    0.2000    0.2000    0.2000    0.2000    0.2000    0.2000    0.2000
    0.4000    0.4000    0.4000    0.4000    0.4000    0.4000    0.4000
    0.6000    0.6000    0.6000    0.6000    0.6000    0.6000    0.6000
    0.8000    0.8000    0.8000    0.8000    0.8000    0.8000    0.8000
    1.0000    1.0000    1.0000    1.0000    1.0000    1.0000    1.0000
    1.2000    1.2000    1.2000    1.2000    1.2000    1.2000    1.2000
    1.4000    1.4000    1.4000    1.4000    1.4000    1.4000    1.4000
    1.6000    1.6000    1.6000    1.6000    1.6000    1.6000    1.6000
    1.8000    1.8000    1.8000    1.8000    1.8000    1.8000    1.8000
    2.0000    2.0000    2.0000    2.0000    2.0000    2.0000    2.0000

  Columns 8 through 14

   -2.0000   -2.0000   -2.0000   -2.0000   -2.0000   -2.0000   -2.0000
   -1.8000   -1.8000   -1.8000   -1.8000   -1.8000   -1.8000   -1.8000
   -1.6000   -1.6000   -1.6000   -1.6000   -1.6000   -1.6000   -1.6000
   -1.4000   -1.4000   -1.4000   -1.4000   -1.4000   -1.4000   -1.4000
   -1.2000   -1.2000   -1.2000   -1.2000   -1.2000   -1.2000   -1.2000
   -1.0000   -1.0000   -1.0000   -1.0000   -1.0000   -1.0000   -1.0000
   -0.8000   -0.8000   -0.8000   -0.8000   -0.8000   -0.8000   -0.8000
   -0.6000   -0.6000   -0.6000   -0.6000   -0.6000   -0.6000   -0.6000
   -0.4000   -0.4000   -0.4000   -0.4000   -0.4000   -0.4000   -0.4000
   -0.2000   -0.2000   -0.2000   -0.2000   -0.2000   -0.2000   -0.2000
         0         0         0         0         0         0         0
    0.2000    0.2000    0.2000    0.2000    0.2000    0.2000    0.2000
    0.4000    0.4000    0.4000    0.4000    0.4000    0.4000    0.4000
    0.6000    0.6000    0.6000    0.6000    0.6000    0.6000    0.6000
    0.8000    0.8000    0.8000    0.8000    0.8000    0.8000    0.8000
    1.0000    1.0000    1.0000    1.0000    1.0000    1.0000    1.0000
    1.2000    1.2000    1.2000    1.2000    1.2000    1.2000    1.2000
    1.4000    1.4000    1.4000    1.4000    1.4000    1.4000    1.4000
    1.6000    1.6000    1.6000    1.6000    1.6000    1.6000    1.6000
    1.8000    1.8000    1.8000    1.8000    1.8000    1.8000    1.8000
    2.0000    2.0000    2.0000    2.0000    2.0000    2.0000    2.0000

